{
    "temp": 304.24000000000001,
     "feels_like": 308.97000000000003,
     "temp_min": 302.75999999999999,
     "temp_max": 305.92000000000002,
     "pressure": 1017,
     "humidity": 63,
     "sea_level": 1017,
     "grnd_level": 936
}